1 матриця
1 2 
3 4 
2 матриця
5 6 
7 8 
3 матриця
9 10 
11 12 
4 матриця
13 14 
15 16 
5 матриця
17 18 
19 20 
6 матриця
21 22 
23 24 
7 матриця
25 26 
27 28 
8 матриця
29 30 
31 33 
Додавання 1 і 3 матриць
1 2 + 9 10 = 10 12
3 4   11 12   14 16
Віднімання 2 і 4 матриці
5 6 - 13 14 = -8 -8
7 8   15 16   -8 -8
Множення матриці 5 на матрицю 6
17 18 * 21 22 = 771 806
19 20   23 24   859 898
Ділення матриці 7 на матрицю 8
25 26 / 29 30 = 0,7037037037037059 0,1481481481481488
27 28   31 33   0,8518518518518547 0,07407407407407618
