--- Pair 1 and 2 ---
(1; 2; 3) + (4; 5; 0) = (5; 7; 3)
(1; 2; 3) - (4; 5; 0) = (-3; -3; 3)
(1; 2; 3) * (4; 5; 0) = (4; 10; 0)
(1; 2; 3) / (4; 5; 0) = (0,25; 0,4; -)

--- Pair 2 and 3 ---
(4; 5; 0) + (10; 20; 30) = (14; 25; 30)
(4; 5; 0) - (10; 20; 30) = (-6; -15; -30)
(4; 5; 0) * (10; 20; 30) = (40; 100; 0)
(4; 5; 0) / (10; 20; 30) = (0,4; 0,25; 0)

--- Pair 3 and 4 ---
(10; 20; 30) + (2; 4; 5) = (12; 24; 35)
(10; 20; 30) - (2; 4; 5) = (8; 16; 25)
(10; 20; 30) * (2; 4; 5) = (20; 80; 150)
(10; 20; 30) / (2; 4; 5) = (5; 5; 6)

